1 :  1 2 5 0 3 8 6 7 4 13 9 12 11 14 10
2 :  0 3 4 1 2 7 8 6 5 14 9 12 10 13 11
3 :  3 5 2 0 4 1 6 8 7 13 10 12 11 9 14, 2 1 5 3 0 6 7 8 4 13 9 10 12 11 14
4 :  4 2 1 3 0 5 8 7 6 14 12 11 10 13 9, 3 0 4 2 1 7 6 8 5 14 9 11 12 10 13
5 :  1 3 2 5 0 6 7 8 4 12 9 13 14 10 11
6 :  0 2 3 4 1 8 6 7 5 12 9 14 13 11 10
7 :  2 4 1 0 3 7 6 8 5 13 9 10 11 12 14
8 :  3 5 0 1 2 6 7 8 4 14 9 11 10 12 13
9 :  1 2 0 5 3 6 8 7 4 13 12 9 14 11 10
10 :  0 3 1 4 2 8 7 6 5 14 12 9 13 10 11
11 :  0 1 2 3 4 5 6 7 8 10 9 11 12 13 14, 2 3 1 0 4 7 8 6 5 9 10 13 14 12 11
12 :  0 1 2 3 4 5 6 7 8 11 10 9 12 13 14, 3 2 0 1 5 6 8 7 4 9 11 14 13 12 10
13 :  0 1 2 3 4 5 6 7 8 9 10 11 13 12 14, 1 2 4 3 0 8 6 7 5 12 13 9 14 10 11
14 :  0 1 2 3 4 5 6 7 8 9 10 11 13 12 14, 0 3 5 2 1 7 8 6 4 12 13 9 14 11 10
15 :  0 1 2 3 4 5 6 7 8 9 10 11 13 12 14, 0 1 2 3 4 5 6 7 8 10 9 11 12 13 14, 3 2 0 1 4 6 8 7 5 14 9 10 12 13 11
16 :  0 1 2 3 4 5 6 7 8 9 10 11 13 12 14, 0 1 2 3 4 5 6 7 8 11 10 9 12 13 14, 2 3 1 0 5 7 8 6 4 14 9 11 12 13 10
17 :  0 1 2 3 4 5 6 7 8 9 10 11 13 12 14, 1 2 4 3 0 8 7 6 5 12 13 9 14 10 11
18 :  0 1 2 3 4 5 6 7 8 9 10 11 13 12 14, 0 3 5 2 1 7 6 8 4 12 13 9 14 11 10
19 :  0 1 2 3 4 5 6 7 8 9 10 11 13 12 14, 2 4 3 0 1 6 8 7 5 14 9 11 10 12 13
20 :  0 1 2 3 4 5 6 7 8 9 10 11 13 12 14, 3 5 2 1 0 7 8 6 4 14 9 10 11 12 13
21 :  4 1 2 3 0 5 6 7 8 12 10 14 9 13 11, 1 3 2 0 4 7 8 6 5 13 12 9 14 11 10
22 :  0 3 4 2 1 6 8 7 5 12 14 9 13 11 10
23 :  0 1 2 3 4 5 6 7 8 10 9 11 12 13 14, 3 2 1 0 5 8 7 6 4 9 10 13 14 12 11
24 :  2 5 0 3 1 8 7 6 4 14 9 11 12 10 13
25 :  0 1 2 3 4 5 6 7 8 9 10 11 12 14 13, 0 1 2 3 4 5 6 7 8 9 10 12 11 13 14, 0 4 1 3 2 6 8 7 5 9 11 12 13 14 10
26 :  0 1 2 3 4 5 6 7 8 9 10 12 11 13 14, 0 1 2 3 4 5 6 7 8 9 10 11 12 14 13, 3 5 2 0 1 8 7 6 4 9 13 14 11 12 10
27 :  0 1 2 3 4 5 6 7 8 9 10 11 12 14 13, 0 1 2 3 4 5 6 7 8 9 10 12 11 13 14, 2 5 3 1 0 7 6 8 4 9 11 12 13 14 10
28 :  0 1 2 3 4 5 6 7 8 9 10 12 11 13 14, 0 1 2 3 4 5 6 7 8 9 10 11 12 14 13, 1 4 0 2 3 6 7 8 5 9 13 14 11 12 10
29 :  0 4 1 2 3 6 7 8 5 9 11 12 13 14 10
30 :  3 5 2 1 0 8 6 7 4 9 14 13 12 11 10
31 :  2 5 3 0 1 7 8 6 4 9 14 12 13 11 10
32 :  1 4 0 3 2 6 8 7 5 9 11 13 12 14 10
33 :  1 0 5 6 4 2 3 7 8 12 10 14 9 13 11, 3 6 2 0 7 5 1 4 8 11 13 9 14 10 12, 0 1 5 6 3 2 4 8 7 13 14 11 9 10 12
34 :  0 1 2 3 4 5 6 7 8 10 9 11 12 13 14, 3 1 2 0 6 7 4 8 5 9 10 12 13 14 11
35 :  2 3 5 0 1 8 7 4 6 12 9 14 11 13 10
36 :  0 1 2 3 4 5 6 7 8 13 10 11 12 9 14, 0 1 2 3 5 4 6 7 8 10 12 11 14 9 13
37 :  0 1 2 3 4 5 6 7 8 9 10 11 12 14 13, 2 5 0 6 8 1 3 7 4 12 10 11 9 13 14, 1 0 2 6 5 3 4 7 8 12 11 13 14 10 9
38 :  0 1 2 3 4 5 6 7 8 9 10 11 12 14 13, 0 1 2 3 4 5 6 7 8 10 9 11 12 13 14, 3 1 0 2 6 7 4 8 5 12 9 10 13 14 11
39 :  0 1 2 3 4 5 6 7 8 9 10 11 12 14 13, 2 3 5 1 0 8 7 4 6 13 14 9 12 11 10
40 :  0 1 2 3 4 5 6 7 8 9 10 11 12 14 13, 1 0 3 2 4 6 5 8 7 10 11 13 14 12 9
41 :  5 2 1 6 8 0 3 7 4 12 10 14 9 13 11, 3 6 5 1 0 2 7 8 4 10 12 9 11 13 14
42 :  0 1 2 3 4 5 6 7 8 10 9 11 12 13 14, 3 1 0 2 6 7 4 8 5 9 10 12 13 14 11
43 :  2 3 1 5 0 8 7 4 6 14 9 13 12 11 10
44 :  1 0 3 2 4 6 5 8 7 10 11 14 12 13 9
45 :  1 0 5 6 4 2 3 8 7 12 10 14 9 13 11, 0 1 5 6 2 3 4 7 8 13 14 11 9 10 12
46 :  1 0 5 3 8 2 6 7 4 12 10 14 9 13 11, 3 2 5 1 0 7 8 4 6 12 9 10 14 11 13
47 :  0 1 2 6 7 5 3 4 8 12 10 11 9 13 14, 2 1 3 6 0 8 7 4 5 14 12 9 13 10 11
48 :  0 1 2 3 4 5 6 7 8 13 10 11 12 9 14, 0 1 2 3 6 4 5 7 8 10 12 11 14 9 13
49 :  0 1 2 3 4 5 6 7 8 9 10 11 12 14 13, 0 1 2 5 4 3 6 7 8 10 9 12 11 13 14, 2 6 0 3 8 5 1 7 4 11 12 9 10 13 14, 1 0 2 6 3 5 4 8 7 12 11 13 14 10 9
50 :  0 1 2 3 4 5 6 7 8 9 10 11 12 14 13, 3 1 5 2 0 7 4 8 6 9 12 10 11 13 14
51 :  0 1 2 3 4 5 6 7 8 9 10 11 12 14 13, 2 1 6 3 0 8 7 4 5 13 14 9 12 10 11
52 :  0 1 2 3 4 5 6 7 8 9 10 11 12 14 13, 1 0 3 2 4 6 5 7 8 10 11 13 14 12 9
53 :  1 0 2 5 4 3 6 7 8 10 9 12 11 14 13, 3 5 6 0 7 1 2 4 8 13 14 11 12 9 10, 2 6 3 5 1 0 8 7 4 14 13 10 9 12 11
54 :  3 0 5 1 2 7 4 8 6 9 12 10 14 11 13
55 :  2 1 0 6 3 8 7 4 5 13 14 9 12 10 11
56 :  1 0 3 2 4 6 5 7 8 10 11 14 12 13 9
57 :  0 1 2 3 4 5 6 7 8 9 10 12 11 13 14, 0 8 2 1 3 7 5 6 4 11 12 13 10 14 9
58 :  0 1 2 3 4 5 6 7 8 9 10 12 11 13 14, 0 3 2 1 5 4 8 7 6 10 14 9 13 11 12
59 :  0 1 2 3 4 5 6 7 8 9 10 12 11 13 14, 2 0 1 3 4 8 6 5 7 10 9 11 12 14 13
60 :  0 1 2 3 4 5 6 7 8 10 9 11 12 13 14, 0 1 2 3 4 5 6 7 8 9 10 12 11 13 14, 1 0 2 8 5 4 6 7 3 11 12 9 10 14 13, 1 0 3 2 8 5 4 6 7 11 12 13 9 10 14
61 :  0 1 2 3 4 5 6 7 8 9 10 12 11 13 14, 0 8 2 1 3 7 5 6 4 11 12 13 10 14 9
62 :  0 1 2 3 4 5 6 7 8 9 10 12 11 13 14, 0 3 2 1 8 4 5 6 7 10 14 9 13 11 12
63 :  0 1 2 3 4 5 6 7 8 9 10 12 11 13 14, 0 1 2 3 4 8 6 5 7 9 10 14 11 12 13
64 :  0 1 2 3 4 5 6 7 8 9 10 12 11 13 14, 0 8 2 3 6 5 4 7 1 14 10 11 12 13 9, 0 2 1 8 3 5 6 4 7 10 11 12 14 9 13
65 :  0 8 2 1 3 7 5 6 4 10 11 12 13 14 9
66 :  3 2 1 0 4 8 7 6 5 10 9 14 13 12 11, 0 3 1 2 4 5 8 7 6 10 9 11 12 13 14
67 :  1 0 3 2 4 7 8 5 6 10 9 14 12 13 11, 0 1 3 2 4 6 8 7 5 13 10 9 11 14 12
68 :  2 3 0 1 4 6 5 7 8 10 9 11 13 12 14, 0 2 3 1 8 4 6 5 7 14 10 9 12 13 11
69 :  0 1 2 3 4 5 6 7 8 9 10 12 11 13 14, 0 8 2 1 3 7 5 6 4 11 12 13 10 14 9
70 :  0 1 2 3 4 5 6 7 8 9 10 12 11 13 14, 0 1 2 3 4 5 8 7 6 10 9 14 11 12 13
71 :  0 1 2 3 4 5 6 7 8 9 10 12 11 13 14, 2 0 1 3 4 8 6 5 7 10 9 11 12 14 13
72 :  0 1 2 3 4 5 6 7 8 9 10 12 11 13 14, 3 1 8 0 6 5 4 7 2 13 14 11 12 9 10, 3 0 1 2 8 5 6 4 7 14 10 13 9 11 12
73 :  0 8 2 3 1 7 5 6 4 11 12 13 10 14 9
74 :  0 1 3 2 4 8 7 6 5 10 9 11 13 12 14, 0 1 2 3 4 8 5 6 7 14 9 10 13 12 11
75 :  2 0 1 3 4 8 6 5 7 10 9 12 11 14 13
76 :  3 8 2 0 5 4 6 7 1 11 10 9 12 14 13, 0 3 8 1 2 6 5 4 7 10 13 14 11 9 12
77 :  0 1 2 3 4 5 6 7 8 9 10 11 12 14 13, 0 1 2 3 4 5 6 7 8 9 10 12 11 13 14, 0 8 3 2 1 7 5 6 4 10 11 12 13 14 9
78 :  0 1 2 3 4 5 6 7 8 9 10 12 11 13 14, 0 1 2 3 4 5 6 7 8 9 10 11 12 14 13, 1 0 3 2 4 8 7 6 5 10 9 11 12 13 14, 0 1 3 2 4 5 8 6 7 13 14 9 10 11 12
79 :  0 1 2 3 4 5 6 7 8 9 10 11 12 14 13, 0 1 2 3 4 5 6 7 8 9 10 12 11 13 14, 2 3 0 1 4 7 8 5 6 10 9 13 14 11 12, 0 2 1 3 4 6 8 7 5 10 9 11 12 13 14
80 :  0 1 2 3 4 5 6 7 8 9 10 11 12 14 13, 0 1 2 3 4 5 6 7 8 9 10 12 11 13 14, 3 2 1 0 4 6 5 7 8 10 9 13 14 11 12, 3 0 1 8 2 5 6 4 7 11 12 10 13 14 9
81 :  0 1 2 3 4 5 6 7 8 9 11 10 12 13 14, 0 7 1 3 2 8 6 4 5 10 11 12 9 14 13
82 :  0 1 2 3 4 5 6 7 8 13 10 11 12 9 14, 0 1 2 3 4 5 6 7 8 9 11 10 12 13 14, 0 1 5 7 2 6 8 4 3 12 10 11 9 13 14
83 :  0 1 2 3 4 5 6 7 8 9 11 10 12 13 14, 2 3 0 1 8 7 6 5 4 12 10 11 9 13 14, 2 0 1 3 6 7 5 8 4 13 14 12 9 10 11
84 :  0 1 2 3 4 5 6 7 8 9 11 10 12 13 14, 1 0 5 2 4 7 3 8 6 13 14 10 11 9 12
85 :  0 1 2 3 4 5 6 7 8 9 11 10 12 13 14, 0 7 1 3 2 8 6 4 5 10 11 12 9 14 13
86 :  0 1 2 3 4 5 6 7 8 13 10 11 12 9 14, 0 1 2 3 4 5 6 7 8 9 11 10 12 13 14, 0 1 7 5 2 6 8 4 3 12 10 11 9 13 14
87 :  0 1 2 3 4 5 6 7 8 14 10 11 12 13 9, 0 1 2 3 4 5 6 7 8 9 11 10 12 13 14, 1 0 3 2 8 7 6 5 4 10 9 14 12 13 11, 0 1 2 3 6 7 5 8 4 13 10 11 9 14 12
88 :  0 1 2 3 4 5 6 7 8 9 11 10 12 13 14, 2 5 0 7 4 1 8 3 6 12 10 11 9 14 13, 2 0 1 5 4 7 3 8 6 14 13 12 9 10 11
89 :  0 7 1 2 3 8 4 5 6 12 10 11 9 14 13
90 :  0 6 3 2 8 5 1 7 4 14 10 12 11 13 9, 0 1 6 3 2 5 8 4 7 12 11 10 14 9 13
91 :  2 7 0 6 8 5 3 1 4 12 14 13 9 11 10, 0 2 7 1 5 3 6 8 4 11 13 12 10 14 9
92 :  0 1 2 6 4 3 7 8 5 13 10 9 14 11 12
93 :  0 1 7 3 4 5 6 2 8 13 11 10 12 9 14, 0 1 3 2 7 8 4 5 6 12 11 10 13 9 14
94 :  0 1 2 6 3 5 8 4 7 11 12 10 13 14 9
95 :  2 0 1 7 5 6 3 4 8 14 13 10 12 9 11
96 :  0 1 2 3 4 5 6 7 8 14 10 11 12 13 9, 0 1 2 6 4 3 7 8 5 13 10 9 14 11 12
97 :  0 1 2 3 4 5 6 7 8 13 10 11 12 9 14, 0 2 1 3 7 8 4 5 6 12 11 10 14 9 13
98 :  0 3 1 2 6 5 4 8 7 10 11 12 9 14 13
99 :  0 2 7 1 5 3 6 8 4 13 10 14 9 12 11
100 :  1 0 2 3 4 5 6 7 8 10 9 14 12 13 11, 0 1 6 7 4 8 2 3 5 14 11 10 12 13 9, 0 1 2 6 4 3 7 8 5 13 11 14 10 9 12
101 :  0 2 3 7 1 8 5 4 6 10 12 11 14 9 13
102 :  0 1 3 6 2 5 8 4 7 12 11 10 14 9 13
103 :  0 7 2 6 8 5 3 1 4 14 11 10 12 13 9, 2 0 1 7 5 3 6 8 4 13 11 10 14 9 12
104 :  1 0 6 7 4 8 2 3 5 12 13 14 9 10 11, 0 1 2 6 4 7 3 5 8 10 13 11 12 9 14
105 :  0 3 7 1 5 4 6 2 8 14 12 11 10 13 9, 0 1 3 7 2 8 4 5 6 12 10 11 14 9 13
106 :  0 2 6 3 1 5 8 4 7 12 10 11 14 9 13
107 :  0 1 2 3 4 5 6 7 8 13 10 11 12 9 14, 2 0 1 7 5 6 3 4 8 10 11 12 9 13 14
108 :  0 1 2 6 4 7 3 5 8 13 10 9 14 11 12
109 :  0 1 2 3 4 5 6 7 8 9 10 12 11 13 14, 0 1 3 7 2 8 4 5 6 11 12 10 13 9 14
110 :  0 1 2 3 4 5 6 7 8 9 10 12 11 13 14, 0 1 3 6 2 5 8 4 7 11 12 10 14 9 13
111 :  0 1 2 3 4 5 6 7 8 9 10 12 11 13 14, 2 0 7 1 3 5 6 8 4 14 13 10 9 11 12
112 :  0 1 2 3 4 5 6 7 8 14 10 11 12 13 9, 0 1 2 3 4 5 6 7 8 9 10 12 11 13 14, 1 0 6 7 4 8 2 3 5 11 13 9 14 10 12, 0 1 2 6 4 7 3 5 8 10 13 11 12 9 14
113 :  0 1 2 3 4 5 6 7 8 9 11 10 12 13 14, 0 7 1 3 2 8 5 4 6 10 11 12 9 14 13
114 :  0 1 2 3 4 5 6 7 8 9 11 10 12 13 14, 0 6 1 3 2 5 8 4 7 10 11 12 9 14 13
115 :  0 1 2 3 4 5 6 7 8 9 11 10 12 13 14, 2 7 0 6 8 5 3 1 4 12 10 11 9 14 13, 2 0 1 7 5 3 6 8 4 14 13 12 9 10 11
116 :  0 1 2 3 4 5 6 7 8 9 11 10 12 13 14, 1 0 6 2 4 7 3 5 8 13 14 10 11 9 12
117 :  0 1 2 3 4 5 6 7 8 9 10 12 11 13 14, 0 1 7 3 2 8 4 5 6 11 12 10 13 9 14
118 :  0 1 2 3 4 5 6 7 8 9 10 12 11 13 14, 0 3 2 1 8 5 6 7 4 14 10 11 12 13 9, 0 2 6 1 3 5 8 4 7 11 12 10 14 9 13
119 :  0 1 2 3 4 5 6 7 8 9 10 12 11 13 14, 0 1 7 2 5 3 6 8 4 14 13 9 11 12 10
120 :  0 1 2 3 4 5 6 7 8 9 10 12 11 13 14, 2 0 6 1 3 4 7 8 5 13 14 10 9 11 12
121 :  0 1 7 2 3 8 5 4 6 12 10 11 9 13 14
122 :  0 2 1 6 3 5 8 4 7 12 11 10 13 14 9
123 :  1 0 2 7 5 3 6 8 4 13 14 10 11 9 12
124 :  2 6 0 7 4 8 1 3 5 12 13 11 9 10 14, 0 2 6 1 4 3 7 8 5 14 10 13 12 9 11
125 :  0 7 2 1 3 8 5 4 6 10 11 12 9 14 13
126 :  0 6 1 2 3 5 4 8 7 10 12 11 9 14 13
127 :  0 1 7 2 5 6 3 4 8 13 10 14 9 12 11
128 :  0 2 6 1 4 7 3 5 8 13 10 14 9 11 12
129 :  0 2 3 1 7 8 4 5 6 12 10 11 9 13 14
130 :  0 1 3 2 6 5 8 4 7 11 10 12 9 14 13
131 :  0 1 2 3 4 5 6 7 8 13 10 11 12 9 14, 0 1 2 7 5 6 3 4 8 14 10 9 13 12 11
132 :  0 1 2 3 4 5 6 7 8 14 10 11 12 13 9, 0 2 1 6 4 7 3 5 8 13 10 9 14 11 12
133 :  0 3 2 1 4 8 6 7 5 13 11 10 12 9 14, 0 2 7 1 3 4 8 5 6 12 11 10 13 9 14
134 :  0 1 3 2 5 4 6 7 8 14 12 11 10 13 9, 0 1 6 2 3 8 5 4 7 11 12 10 14 9 13
135 :  1 0 6 7 4 8 2 3 5 12 13 11 9 10 14, 0 1 6 2 4 3 7 8 5 14 10 13 12 9 11
136 :  2 7 0 6 8 5 3 1 4 11 14 9 12 13 10, 0 2 7 1 5 3 6 8 4 13 10 14 11 9 12
137 :  0 1 2 3 4 5 6 7 8 9 10 11 12 14 13, 0 6 3 1 2 8 5 4 7 10 11 12 9 13 14
138 :  0 1 2 3 4 5 6 7 8 9 10 11 12 14 13, 0 7 3 2 1 5 4 8 6 10 12 11 9 13 14
139 :  0 1 2 3 4 5 6 7 8 9 10 11 12 14 13, 2 0 6 1 5 3 7 8 4 12 10 11 13 14 9
140 :  0 1 2 3 4 5 6 7 8 9 10 11 12 14 13, 1 0 7 2 4 3 6 8 5 11 10 12 13 14 9
