1 :  1 0 2 3 4 5 6 7 8 9 10 12 11 14 13, 0 1 3 2 5 4 6 8 7 9 10 13 14 11 12, 0 1 2 3 4 5 10 7 8 9 6 11 12 13 14, 11 14 6 10 8 12 9 7 13 0 2 4 3 5 1
2 :  0 1 2 3 4 5 6 7 8 9 10 11 12 14 13, 0 1 2 3 4 5 6 7 8 9 10 12 11 13 14, 1 0 3 2 5 4 6 8 7 9 10 13 14 11 12, 0 1 2 3 4 5 10 7 8 9 6 11 12 13 14, 4 3 5 1 0 2 11 7 9 8 12 6 10 13 14, 6 9 11 13 14 12 8 7 10 5 4 0 1 2 3
3 :  0 1 2 3 4 5 6 7 8 11 10 9 12 13 14, 1 0 3 2 5 4 6 8 7 9 10 11 13 12 14, 4 5 2 3 0 1 9 12 13 6 11 10 7 8 14, 7 8 9 11 13 6 10 12 14 2 5 0 3 1 4
4 :  0 2 1 3 4 5 6 8 7 9 10 11 13 12 14, 5 1 2 4 3 0 6 12 13 10 9 11 7 8 14, 0 1 2 3 4 5 11 7 8 9 10 6 12 13 14, 7 13 6 11 9 8 14 10 12 1 5 4 0 3 2
5 :  3 5 2 0 4 1 6 9 13 7 10 12 11 8 14, 1 0 3 2 5 4 7 6 9 8 11 10 12 14 13, 6 10 7 9 14 13 8 11 12 5 1 4 3 0 2
6 :  3 5 2 0 4 1 6 11 8 12 13 7 9 10 14, 1 0 3 2 5 4 7 6 9 8 11 10 12 14 13, 6 8 7 11 14 13 10 9 12 5 1 4 3 0 2
7 :  0 1 2 3 4 5 6 7 8 11 10 9 12 13 14, 0 1 2 3 4 5 6 7 10 9 8 11 12 13 14, 1 0 3 2 5 4 7 6 9 8 11 10 12 14 13, 0 1 5 4 3 2 13 14 9 8 11 10 12 6 7, 6 14 8 10 7 9 11 13 12 1 5 4 0 2 3
8 :  0 1 2 3 4 5 6 7 8 9 10 11 13 12 14, 0 1 2 3 4 5 6 7 10 9 8 11 12 13 14, 0 1 2 3 4 5 6 7 8 11 10 9 12 13 14, 3 4 5 0 1 2 6 14 12 9 13 11 8 10 7, 1 0 3 2 5 4 7 6 9 8 11 10 12 13 14, 8 7 9 12 13 11 6 14 10 3 4 5 0 2 1
9 :  0 1 2 3 4 5 6 7 8 9 10 11 13 12 14, 0 1 3 2 4 5 6 7 10 11 8 9 12 13 14, 1 0 2 3 5 4 7 6 11 10 9 8 12 13 14, 8 9 12 13 7 10 14 6 11 2 4 0 5 1 3
10 :  0 1 2 3 4 5 6 7 10 9 8 11 12 13 14, 0 2 1 5 4 3 11 7 8 13 10 6 14 9 12, 4 1 2 3 0 5 12 7 8 9 10 14 6 13 11, 6 14 8 10 9 12 7 13 11 4 1 5 2 3 0
11 :  0 1 2 3 4 5 6 7 8 9 10 12 11 13 14, 0 1 2 3 4 5 6 7 8 9 10 11 12 14 13, 3 2 1 0 5 4 7 6 9 8 10 13 14 11 12, 2 3 0 1 5 4 8 9 6 7 10 11 12 13 14, 6 8 13 14 7 11 12 9 10 4 0 3 5 1 2
12 :  4 1 5 3 0 2 6 14 8 11 12 9 10 13 7, 3 2 1 0 5 4 7 6 9 8 10 14 13 12 11, 6 13 14 7 8 11 9 10 12 4 0 3 5 2 1
13 :  0 1 3 2 4 5 6 8 7 9 10 12 11 14 13, 0 5 2 3 4 1 6 13 14 10 9 11 12 7 8, 4 2 1 5 0 3 6 14 8 11 12 9 10 13 7, 2 3 0 1 5 4 7 6 9 8 10 11 13 12 14, 6 13 14 7 8 9 10 11 12 4 0 1 2 3 5
14 :  0 1 2 3 4 5 6 10 8 9 7 11 12 13 14, 0 1 2 3 4 5 6 7 8 13 10 11 12 9 14, 3 6 2 0 11 5 1 9 8 7 13 4 14 10 12, 1 0 5 6 12 2 3 7 8 9 10 14 4 13 11, 4 12 9 13 14 7 10 11 8 5 6 0 2 1 3
15 :  0 1 2 3 4 5 6 10 8 9 7 11 12 13 14, 0 1 2 3 4 5 6 7 8 9 10 11 12 14 13, 3 1 6 0 8 5 2 13 4 12 14 11 9 7 10, 6 5 3 2 9 1 0 13 12 4 14 11 8 7 10, 4 12 13 14 9 7 10 8 11 5 6 0 1 2 3
16 :  0 1 2 3 4 5 6 10 8 9 7 11 12 13 14, 0 2 1 3 4 5 6 7 11 14 10 8 12 13 9, 5 2 1 6 12 0 3 7 9 8 10 14 4 13 11, 8 9 7 10 12 11 13 4 14 2 5 3 0 6 1
17 :  1 0 3 2 4 6 5 8 7 9 11 10 13 12 14, 3 2 1 0 4 5 6 10 11 14 7 8 12 13 9, 3 2 5 6 9 1 0 10 11 14 12 13 7 8 4, 7 9 13 11 8 12 10 4 14 6 3 1 5 2 0
18 :  2 1 0 3 4 5 6 7 10 13 8 11 14 9 12, 1 0 3 2 4 6 5 8 7 9 11 10 13 12 14, 0 1 2 5 7 3 6 4 14 9 12 11 10 13 8, 4 12 14 9 13 7 11 10 8 6 5 3 0 2 1
19 :  0 1 2 3 4 5 6 7 8 13 10 11 12 9 14, 0 1 2 6 7 5 3 4 12 9 10 11 8 13 14, 1 0 5 3 8 2 6 12 4 9 10 14 7 13 11, 4 12 9 13 14 7 10 11 8 6 5 0 2 1 3
20 :  0 1 2 3 4 5 6 7 8 9 10 11 12 14 13, 0 1 2 5 10 3 6 7 8 9 4 12 11 13 14, 2 6 0 3 11 5 1 7 9 8 12 4 10 13 14, 4 12 13 14 9 10 7 8 11 5 6 0 1 2 3
21 :  0 2 1 3 4 6 5 10 11 14 7 8 12 13 9, 2 0 1 6 7 3 5 10 11 14 4 12 8 9 13, 6 3 5 2 9 0 1 14 11 10 13 12 8 7 4, 4 12 9 14 13 7 10 8 11 6 5 0 2 1 3
22 :  0 1 2 3 4 5 6 7 8 12 10 11 9 13 14, 0 1 2 3 4 5 6 7 8 9 10 11 12 14 13, 1 0 3 2 4 6 5 8 7 9 11 10 12 13 14, 2 3 0 1 4 5 6 10 11 13 7 8 14 9 12, 7 8 9 12 11 13 14 10 4 5 3 0 6 1 2
23 :  0 1 2 3 4 5 6 10 8 9 7 11 12 13 14, 0 1 2 3 4 5 6 7 11 9 10 8 12 13 14, 0 1 2 3 4 5 6 7 8 12 10 11 9 13 14, 1 0 3 2 4 6 5 8 7 9 11 10 12 14 13, 3 5 6 0 13 1 2 7 9 8 10 12 11 4 14, 7 14 8 9 12 11 13 4 10 6 2 3 0 5 1
24 :  0 1 2 3 4 5 6 7 8 12 10 11 9 13 14, 0 1 2 3 4 6 5 10 11 9 7 8 12 13 14, 1 0 3 2 4 5 6 11 10 9 8 7 12 14 13, 7 8 9 12 14 10 4 13 11 6 2 0 3 1 5
25 :  0 1 3 2 4 6 5 8 7 9 11 10 13 12 14, 3 5 2 0 10 1 6 7 9 8 4 11 14 13 12, 5 3 6 1 12 0 2 7 9 8 14 13 4 11 10, 4 9 13 12 14 11 10 7 8 6 5 0 2 3 1
26 :  1 0 3 2 4 5 7 6 8 9 10 12 11 14 13, 3 2 1 0 9 5 11 12 10 4 8 6 7 13 14, 2 9 4 1 3 13 8 11 7 0 12 10 6 14 5, 6 14 8 12 11 10 7 5 13 9 3 1 4 0 2
27 :  0 1 2 3 4 5 6 7 8 9 10 12 11 13 14, 0 1 3 2 4 5 7 6 8 9 10 11 12 14 13, 4 9 2 3 0 8 13 14 5 1 10 11 12 6 7, 6 14 11 12 8 7 10 5 13 2 9 0 1 4 3
28 :  0 1 2 3 4 5 6 10 8 9 7 11 12 13 14, 0 1 2 3 4 5 6 7 8 9 10 12 11 13 14, 1 0 2 8 5 4 6 11 3 9 12 7 10 14 13, 8 3 9 1 13 14 6 11 0 2 12 7 10 4 5, 4 14 11 12 13 7 10 5 6 9 8 0 2 3 1
29 :  0 1 2 3 4 5 6 7 8 9 10 12 11 13 14, 0 8 2 3 6 5 4 14 1 9 10 11 12 13 7, 3 1 9 0 7 13 14 4 8 2 10 11 12 5 6, 4 14 11 12 13 6 10 5 7 8 9 0 2 3 1
30 :  2 3 0 1 4 6 5 10 8 9 7 11 13 12 14, 1 0 3 2 4 7 10 5 9 8 6 14 12 13 11, 9 8 3 2 12 11 10 14 1 0 6 5 4 13 7, 5 12 11 10 7 14 6 4 13 9 3 0 8 2 1
31 :  0 1 2 3 4 5 6 7 14 9 10 11 12 13 8, 0 1 9 3 4 5 10 11 8 2 6 7 12 13 14, 1 0 2 4 3 5 7 6 8 9 11 10 13 12 14, 6 11 8 14 13 10 5 12 7 9 3 0 4 1 2
32 :  0 1 2 3 4 5 6 10 8 9 7 11 12 13 14, 0 1 3 2 4 6 5 7 8 9 10 11 13 12 14, 9 8 2 3 11 12 13 7 1 0 10 4 5 6 14, 5 13 7 10 11 6 14 4 12 2 9 1 0 8 3
33 :  0 1 2 3 4 5 6 7 8 9 10 12 11 13 14, 3 1 8 0 6 5 4 13 2 9 14 11 12 7 10, 0 9 2 3 10 5 14 7 8 1 4 11 12 13 6, 4 14 11 12 13 10 5 7 6 9 8 0 2 3 1
34 :  0 1 3 2 4 10 7 6 9 8 5 11 13 12 14, 3 8 2 0 5 4 6 11 1 9 10 7 12 14 13, 9 2 8 1 12 14 7 11 0 3 13 6 5 4 10, 4 11 12 13 14 10 5 6 7 9 8 0 2 3 1
35 :  3 1 2 0 4 5 6 10 8 9 7 13 14 11 12, 0 2 1 3 4 6 5 7 8 9 10 12 11 14 13, 1 3 0 2 4 7 10 6 9 8 5 13 11 14 12, 0 8 2 3 5 4 6 13 1 9 11 10 12 7 14, 4 11 13 12 14 5 6 10 7 9 8 1 0 3 2
36 :  0 1 2 3 4 5 6 7 8 9 10 11 12 14 13, 0 1 2 3 4 5 6 7 8 9 10 12 11 13 14, 3 2 1 0 4 6 5 10 8 9 7 13 14 11 12, 2 3 0 1 4 7 10 5 9 8 6 13 14 11 12, 5 10 13 14 7 11 12 6 4 9 1 3 8 2 0
37 :  0 1 2 3 4 5 13 7 8 9 10 11 12 6 14, 0 1 2 3 4 5 6 7 8 9 11 10 12 13 14, 5 1 7 3 8 0 10 2 4 12 6 13 9 11 14, 2 3 0 1 9 7 6 5 12 4 10 11 8 13 14, 4 9 10 11 12 6 13 8 14 3 7 0 1 2 5
38 :  0 1 2 3 4 5 13 7 8 9 10 11 12 6 14, 0 1 2 3 4 5 6 7 14 9 10 11 12 13 8, 0 1 2 3 4 5 6 7 8 9 11 10 12 13 14, 2 5 0 7 4 1 8 3 6 12 10 11 9 14 13, 1 0 3 2 9 7 6 5 10 4 8 14 12 13 11, 6 12 8 10 11 14 9 4 13 7 5 1 0 3 2
39 :  6 1 2 7 4 10 0 3 13 12 5 11 9 8 14, 1 6 3 7 8 10 0 2 13 11 14 12 9 4 5, 2 7 0 6 9 5 3 1 12 4 14 13 8 11 10, 4 14 12 9 11 8 13 5 10 3 7 1 6 0 2
40 :  0 1 2 3 4 5 6 7 8 14 10 11 12 13 9, 3 6 2 0 10 12 1 7 8 9 4 13 5 11 14, 3 6 7 0 11 12 1 2 8 9 13 4 5 10 14, 4 11 9 14 12 13 8 5 10 7 3 1 0 6 2
41 :  1 0 2 3 4 5 6 7 8 10 9 14 12 13 11, 1 0 6 7 4 8 2 3 5 11 14 9 12 13 10, 0 1 2 3 13 5 6 7 8 9 10 11 12 4 14, 9 11 4 13 8 10 12 5 14 1 6 7 2 3 0
42 :  1 0 6 7 4 8 2 3 5 12 13 14 9 10 11, 6 2 1 3 4 10 0 7 13 12 5 11 9 8 14, 0 7 2 6 9 5 3 1 14 4 11 10 12 13 8, 5 12 14 8 13 11 10 4 9 3 6 2 7 1 0
43 :  0 1 2 3 4 5 6 7 13 9 10 11 12 8 14, 6 1 2 3 4 10 0 7 8 12 5 11 9 13 14, 0 3 7 1 14 9 6 2 8 5 12 11 10 13 4, 5 12 8 13 14 10 11 4 9 6 3 2 1 7 0
44 :  0 1 2 3 4 5 6 7 8 9 10 12 11 13 14, 0 1 2 3 4 5 6 7 8 14 10 11 12 13 9, 1 0 6 7 4 8 2 3 5 11 13 9 14 10 12, 6 2 1 3 4 10 0 7 13 11 5 9 14 8 12, 5 13 11 12 8 9 14 10 4 3 6 2 7 0 1
45 :  0 1 2 3 4 5 6 7 8 9 11 10 12 13 14, 2 7 0 6 9 5 3 1 12 4 10 11 8 14 13, 0 1 2 6 13 5 3 7 8 14 10 11 12 4 9, 4 9 10 11 12 13 5 8 14 3 7 0 1 2 6
46 :  0 1 2 3 4 5 6 7 8 9 10 12 11 13 14, 2 1 0 3 5 4 7 6 14 10 9 11 12 13 8, 0 3 2 1 8 14 6 7 4 9 10 11 12 13 5, 4 14 11 12 9 8 13 10 5 3 7 2 6 0 1
47 :  2 6 0 7 4 8 1 3 5 12 13 11 9 10 14, 6 2 1 7 4 10 0 3 13 12 5 14 9 8 11, 7 1 3 2 11 9 6 0 12 5 10 4 8 13 14, 5 11 12 10 8 9 13 4 14 3 6 0 7 1 2
48 :  1 0 2 7 4 13 6 3 10 9 8 11 14 5 12, 0 2 1 3 5 4 7 6 9 8 10 12 11 13 14, 3 7 6 0 11 12 2 1 8 9 10 4 5 14 13, 4 9 12 14 11 5 13 8 10 7 3 2 1 0 6
49 :  0 1 2 3 4 5 6 7 13 9 10 11 12 8 14, 0 1 2 3 4 5 6 7 8 14 10 11 12 13 9, 0 2 1 3 5 4 7 6 9 8 10 12 11 14 13, 3 7 6 0 11 12 2 1 8 9 10 4 5 13 14, 4 11 9 14 12 8 13 5 10 3 7 2 0 6 1
50 :  0 2 1 3 4 5 6 7 14 13 10 12 11 9 8, 1 0 6 7 4 9 2 3 12 5 13 11 8 10 14, 0 1 2 3 5 4 7 6 13 14 10 11 12 8 9, 4 8 14 11 12 5 10 13 9 3 7 6 1 2 0
51 :  0 1 2 3 4 5 6 7 8 9 10 11 12 14 13, 0 2 1 3 5 4 7 6 9 8 10 12 11 13 14, 3 1 2 0 11 12 6 7 8 9 10 4 5 13 14, 4 12 13 14 9 11 10 8 5 3 6 1 7 2 0
